# t    Ek    Ep    Etot
0.00000000000000e+00 0.00000000000000e+00 -2.47317866937795e+02 -2.47317866937795e+02
1.00000000000000e-02 6.31418384993090e-03 -2.47324180255191e+02 -2.47317866071341e+02
2.00000000000000e-02 2.52706101106013e-02 -2.47343134076479e+02 -2.47317863466368e+02
3.00000000000000e-02 5.69109898506310e-02 -2.47374770095821e+02 -2.47317859105970e+02
4.00000000000000e-02 1.01305132104728e-01 -2.47419158093905e+02 -2.47317852961800e+02
5.00000000000000e-02 1.58551382557667e-01 -2.47476396376368e+02 -2.47317844993811e+02
6.00000000000000e-02 2.28777243315889e-01 -2.47546612393210e+02 -2.47317835149894e+02
7.00000000000000e-02 3.12140179395449e-01 -2.47629963544808e+02 -2.47317823365412e+02
8.00000000000000e-02 4.08828619179143e-01 -2.47726638181814e+02 -2.47317809562635e+02
9.00000000000000e-02 5.19063157722391e-01 -2.47836856807789e+02 -2.47317793650067e+02
1.00000000000000e-01 6.43097973405827e-01 -2.47960873495084e+02 -2.47317775521679e+02
1.10000000000000e-01 7.81222470023194e-01 -2.48098977526074e+02 -2.47317755056051e+02
1.20000000000000e-01 9.33763157924805e-01 -2.48251495273354e+02 -2.47317732115429e+02
1.30000000000000e-01 1.10108578926224e+00 -2.48418792333979e+02 -2.47317706544716e+02
1.40000000000000e-01 1.28359776362991e+00 -2.48601275934042e+02 -2.47317678170412e+02
1.50000000000000e-01 1.48175082137474e+00 -2.48799397620921e+02 -2.47317646799546e+02
1.60000000000000e-01 1.69626220145998e+00 -2.49013693379478e+02 -2.47317431178018e+02
1.70000000000000e-01 1.92772832944584e+00 -2.49245121327960e+02 -2.47317392998515e+02
1.80000000000000e-01 2.17655371895582e+00 -2.49493904815413e+02 -2.47317351096457e+02
1.90000000000000e-01 2.44340354944063e+00 -2.49760708740135e+02 -2.47317305190694e+02
2.00000000000000e-01 2.72900606999626e+00 -2.50046261047509e+02 -2.47317254977512e+02
2.10000000000000e-01 3.03753184781371e+00 -2.50355688108262e+02 -2.47318156260449e+02
2.20000000000000e-01 3.37391517712994e+00 -2.50691264854660e+02 -2.47317349677530e+02
2.30000000000000e-01 3.73671522323905e+00 -2.51053858352494e+02 -2.47317143129254e+02
2.40000000000000e-01 4.12394571854125e+00 -2.51441051392434e+02 -2.47317105673893e+02
2.50000000000000e-01 4.53669307625979e+00 -2.51853715544459e+02 -2.47317022468199e+02
2.60000000000000e-01 4.97613073079945e+00 -2.52293062856219e+02 -2.47316932125419e+02
2.70000000000000e-01 5.44369043485804e+00 -2.52760524709850e+02 -2.47316834274992e+02
2.80000000000000e-01 5.94092393995924e+00 -2.53257652551098e+02 -2.47316728611139e+02
2.90000000000000e-01 6.46950874449590e+00 -2.53786123681548e+02 -2.47316614937052e+02
3.00000000000000e-01 7.03125252124881e+00 -2.54347745748266e+02 -2.47316493227017e+02
3.10000000000000e-01 7.62809539328589e+00 -2.54944459106411e+02 -2.47316363713125e+02
3.20000000000000e-01 8.26210889405698e+00 -2.55578335899670e+02 -2.47316227005613e+02
3.30000000000000e-01 8.93548999247666e+00 -2.56251574251531e+02 -2.47316084259054e+02
3.40000000000000e-01 9.65054794502413e+00 -2.56966485345746e+02 -2.47315937400722e+02
3.50000000000000e-01 1.04096809006262e+01 -2.57725470343335e+02 -2.47315789442709e+02
3.60000000000000e-01 1.12153380636949e+01 -2.58530982969356e+02 -2.47315644905661e+02
3.70000000000000e-01 1.20699617386516e+01 -2.59385472127599e+02 -2.47315510388947e+02
3.80000000000000e-01 1.29760206541881e+01 -2.60291465587191e+02 -2.47315444933002e+02
3.90000000000000e-01 1.39356684943293e+01 -2.61251030929898e+02 -2.47315362435568e+02
4.00000000000000e-01 1.49505389549754e+01 -2.62265869937523e+02 -2.47315330982547e+02
4.10000000000000e-01 1.60217473947875e+01 -2.63337122921576e+02 -2.47315375526788e+02
4.20000000000000e-01 1.71495918673913e+01 -2.64465222761965e+02 -2.47315630894574e+02
4.30000000000000e-01 1.83328678181604e+01 -2.65648805064380e+02 -2.47315937246220e+02
4.40000000000000e-01 1.95682630818669e+01 -2.66884714195101e+02 -2.47316451113234e+02
4.50000000000000e-01 2.08499504015550e+01 -2.68167189150991e+02 -2.47317238749436e+02
4.60000000000000e-01 2.21686362249839e+01 -2.69487011832137e+02 -2.47318375607153e+02
4.70000000000000e-01 2.35106606311872e+01 -2.70830601513030e+02 -2.47319940881843e+02
4.80000000000000e-01 2.48572124250634e+01 -2.72179250198819e+02 -2.47322037773756e+02
4.90000000000000e-01 2.61850958987075e+01 -2.73510752518922e+02 -2.47325656620215e+02
5.00000000000000e-01 2.74637980004566e+01 -2.74793467136060e+02 -2.47329669135603e+02
5.10000000000000e-01 2.86530589820866e+01 -2.75986741945248e+02 -2.47333682963161e+02
5.20000000000000e-01 2.97048997103606e+01 -2.77043547828801e+02 -2.47338648118440e+02
5.30000000000000e-01 3.05620987921310e+01 -2.77906794955426e+02 -2.47344696163295e+02
5.40000000000000e-01 3.11524615893695e+01 -2.78505261667439e+02 -2.47352800078069e+02
5.50000000000000e-01 3.13856309163296e+01 -2.78747607523846e+02 -2.47361976607516e+02
5.60000000000000e-01 3.11602668761487e+01 -2.78531499459162e+02 -2.47371232583013e+02
5.70000000000000e-01 3.03839380931906e+01 -2.77762063030776e+02 -2.47378124937586e+02
5.80000000000000e-01 2.90155919168373e+01 -2.76394112620225e+02 -2.47378520703388e+02
5.90000000000000e-01 2.71004429876656e+01 -2.74471364382189e+02 -2.47370921394523e+02
6.00000000000000e-01 2.48119548580055e+01 -2.72164960890471e+02 -2.47353006032465e+02
6.10000000000000e-01 2.24689811651375e+01 -2.69797380312715e+02 -2.47328399147577e+02
6.20000000000000e-01 2.04831239895708e+01 -2.67786762659624e+02 -2.47303638670053e+02
6.30000000000000e-01 1.92583806417159e+01 -2.66545291837530e+02 -2.47286911195814e+02
6.40000000000000e-01 1.90664384811019e+01 -2.66350642475284e+02 -2.47284203994182e+02
6.50000000000000e-01 1.99627916717567e+01 -2.67259914137952e+02 -2.47297122466195e+02
6.60000000000000e-01 2.17756943729490e+01 -2.69094181509651e+02 -2.47318487136702e+02
6.70000000000000e-01 2.41763696679762e+01 -2.71517764452741e+02 -2.47341394784765e+02
6.80000000000000e-01 2.67973047442101e+01 -2.74157090583626e+02 -2.47359785839415e+02
6.90000000000000e-01 2.93275091668693e+01 -2.76697224034959e+02 -2.47369714868090e+02
7.00000000000000e-01 3.15690827889268e+01 -2.78939751270941e+02 -2.47370668482014e+02
7.10000000000000e-01 3.34542998334472e+01 -2.80817057974223e+02 -2.47362758140776e+02
7.20000000000000e-01 3.50133268509064e+01 -2.82368414387378e+02 -2.47355087536472e+02
7.30000000000000e-01 3.63343422684267e+01 -2.83679062053073e+02 -2.47344719784646e+02
7.40000000000000e-01 3.75332298898590e+01 -2.84866992507442e+02 -2.47333762617583e+02
7.50000000000000e-01 3.87064002519439e+01 -2.86036731407678e+02 -2.47330331155734e+02
7.60000000000000e-01 3.99009685562213e+01 -2.87229622623751e+02 -2.47328654067529e+02
7.70000000000000e-01 4.11171164135828e+01 -2.88446138193238e+02 -2.47329021779655e+02
7.80000000000000e-01 4.23292317531182e+01 -2.89658642819487e+02 -2.47329411066369e+02
7.90000000000000e-01 4.35056388256532e+01 -2.90835444190203e+02 -2.47329805364550e+02
8.00000000000000e-01 4.46216751177093e+01 -2.91951341795194e+02 -2.47329666677485e+02
8.10000000000000e-01 4.56633364113163e+01 -2.92992733449402e+02 -2.47329397038086e+02
8.20000000000000e-01 4.66224076352463e+01 -2.93951893024745e+02 -2.47329485389499e+02
8.30000000000000e-01 4.74921702568202e+01 -2.94822059972136e+02 -2.47329889715316e+02
8.40000000000000e-01 4.82570674408849e+01 -2.95588952097579e+02 -2.47331884656695e+02
8.50000000000000e-01 4.88944024198243e+01 -2.96225386138904e+02 -2.47330983719080e+02
8.60000000000000e-01 4.93690890127420e+01 -2.96703856269693e+02 -2.47334767256951e+02
8.70000000000000e-01 4.96410833615737e+01 -2.96978700037002e+02 -2.47337616675429e+02
8.80000000000000e-01 4.97010710441132e+01 -2.97037853529440e+02 -2.47336782485327e+02
8.90000000000000e-01 4.95999714489056e+01 -2.96929550717265e+02 -2.47329579268360e+02
9.00000000000000e-01 4.94717052742169e+01 -2.96789701966150e+02 -2.47317996691934e+02
9.10000000000000e-01 4.94971535361859e+01 -2.96807963027865e+02 -2.47310809491679e+02
9.20000000000000e-01 4.97924542423932e+01 -2.97108105114931e+02 -2.47315650872538e+02
9.30000000000000e-01 5.03090388721657e+01 -2.97639814667788e+02 -2.47330775795622e+02
9.40000000000000e-01 5.08576788980780e+01 -2.98204070522242e+02 -2.47346391624164e+02
9.50000000000000e-01 5.12237407838464e+01 -2.98580413236152e+02 -2.47356672452306e+02
9.60000000000000e-01 5.12597929416433e+01 -2.98621034304673e+02 -2.47361241363030e+02
9.70000000000000e-01 5.08984104960070e+01 -2.98262506390869e+02 -2.47364095894861e+02
9.80000000000000e-01 5.01087938468607e+01 -2.97476480735480e+02 -2.47367686888620e+02
9.90000000000000e-01 4.88690643750104e+01 -2.96239373893948e+02 -2.47370309518938e+02
1.00000000000000e+00 4.71809204641118e+01 -2.94549497030411e+02 -2.47368576566300e+02
1.01000000000000e+00 4.50967257806054e+01 -2.92460041934918e+02 -2.47363316154312e+02
1.02000000000000e+00 4.27446982144882e+01 -2.90095185792722e+02 -2.47350487578234e+02
1.03000000000000e+00 4.03394198934314e+01 -2.87674739240751e+02 -2.47335319347320e+02
1.04000000000000e+00 3.81531925272047e+01 -2.85471790395997e+02 -2.47318597868792e+02
1.05000000000000e+00 3.64668777312226e+01 -2.83771504825722e+02 -2.47304627094500e+02
1.06000000000000e+00 3.55207449568203e+01 -2.82816886344081e+02 -2.47296141387260e+02
1.07000000000000e+00 3.54830863393772e+01 -2.82775246196714e+02 -2.47292159857337e+02
1.08000000000000e+00 3.64386378501426e+01 -2.83731838817255e+02 -2.47293200967113e+02
1.09000000000000e+00 3.83939648409471e+01 -2.85691151431528e+02 -2.47297186590580e+02
1.10000000000000e+00 4.12921106766887e+01 -2.88596624179474e+02 -2.47304513502785e+02
1.11000000000000e+00 4.50164876751413e+01 -2.92330905161546e+02 -2.47314417486405e+02
1.12000000000000e+00 4.93927764152268e+01 -2.96720108047394e+02 -2.47327331632167e+02
1.13000000000000e+00 5.42035444124342e+01 -3.01544717524217e+02 -2.47341173111783e+02
1.14000000000000e+00 5.92195218164205e+01 -3.06572525611064e+02 -2.47353003794643e+02
1.15000000000000e+00 6.42336107422194e+01 -3.11594259904915e+02 -2.47360649162696e+02
1.16000000000000e+00 6.90834161673335e+01 -3.16450739461935e+02 -2.47367323294602e+02
1.17000000000000e+00 7.36329933816513e+01 -3.21007002770985e+02 -2.47374009389334e+02
1.18000000000000e+00 7.77421542165591e+01 -3.25125872728845e+02 -2.47383718512286e+02
1.19000000000000e+00 8.12544180288772e+01 -3.28649112352775e+02 -2.47394694323898e+02
1.20000000000000e+00 8.39933249337308e+01 -3.31400389438733e+02 -2.47407064505002e+02
1.21000000000000e+00 8.57787553242022e+01 -3.33199917632387e+02 -2.47421162308185e+02
1.22000000000000e+00 8.64346828608477e+01 -3.33870768437395e+02 -2.47436085576547e+02
1.23000000000000e+00 8.58188734134218e+01 -3.33265409153038e+02 -2.47446535739616e+02
1.24000000000000e+00 8.38897620936001e+01 -3.31339708160519e+02 -2.47449946066918e+02
1.25000000000000e+00 8.08029849312806e+01 -3.28233753870173e+02 -2.47430768938892e+02
1.26000000000000e+00 7.69898651240856e+01 -3.24389529518104e+02 -2.47399664394019e+02
1.27000000000000e+00 7.30736274420649e+01 -3.20449240739956e+02 -2.47375613297891e+02
1.28000000000000e+00 6.95679468432074e+01 -3.16945439911426e+02 -2.47377493068218e+02
1.29000000000000e+00 6.66752023417247e+01 -3.14057966730583e+02 -2.47382764388858e+02
1.30000000000000e+00 6.45381566740620e+01 -3.11891954114520e+02 -2.47353797440458e+02
1.31000000000000e+00 6.36606299719950e+01 -3.10956942991194e+02 -2.47296313019199e+02
1.32000000000000e+00 6.48151689830618e+01 -3.12077800698402e+02 -2.47262631715340e+02
1.33000000000000e+00 6.83680239494667e+01 -3.15660291530721e+02 -2.47292267581254e+02
1.34000000000000e+00 7.38147085016752e+01 -3.21175968342786e+02 -2.47361259841111e+02
1.35000000000000e+00 8.00769534864709e+01 -3.27494744755479e+02 -2.47417791269008e+02
1.36000000000000e+00 8.61556015574313e+01 -3.33595788387310e+02 -2.47440186829879e+02
1.37000000000000e+00 9.14887687121532e+01 -3.38927155802202e+02 -2.47438387090049e+02
1.38000000000000e+00 9.58893786593576e+01 -3.43317275597979e+02 -2.47427896938621e+02
1.39000000000000e+00 9.93231175814505e+01 -3.46746486110884e+02 -2.47423368529434e+02
1.40000000000000e+00 1.01763247839051e+02 -3.49184034727238e+02 -2.47420786888187e+02
1.41000000000000e+00 1.03146310357733e+02 -3.50571162849660e+02 -2.47424852491927e+02
1.42000000000000e+00 1.03388444440265e+02 -3.50818662361241e+02 -2.47430217920976e+02
1.43000000000000e+00 1.02413649716749e+02 -3.49849934434466e+02 -2.47436284717717e+02
1.44000000000000e+00 1.00196334530889e+02 -3.47637192044401e+02 -2.47440857513511e+02
1.45000000000000e+00 9.67920934958343e+01 -3.44232266389247e+02 -2.47440172893413e+02
1.46000000000000e+00 9.23921383239230e+01 -3.39816703112604e+02 -2.47424564788681e+02
1.47000000000000e+00 8.74674329783314e+01 -3.34850851476645e+02 -2.47383418498314e+02
1.48000000000000e+00 8.28678019970201e+01 -3.30189617660835e+02 -2.47321815663815e+02
1.49000000000000e+00 7.96002988063077e+01 -3.26893745480236e+02 -2.47293446673929e+02
1.50000000000000e+00 7.81389364420924e+01 -3.25472989022772e+02 -2.47334052580680e+02
1.51000000000000e+00 7.80236985574183e+01 -3.25421358178321e+02 -2.47397659620903e+02
1.52000000000000e+00 7.84316253747796e+01 -3.25852237165623e+02 -2.47420611790844e+02
1.53000000000000e+00 7.89829362128003e+01 -3.26378222059242e+02 -2.47395285846441e+02
1.54000000000000e+00 7.99515159713154e+01 -3.27299742588140e+02 -2.47348226616824e+02
1.55000000000000e+00 8.19407307819761e+01 -3.29253285349680e+02 -2.47312554567704e+02
1.56000000000000e+00 8.53930146283856e+01 -3.32704861742506e+02 -2.47311847114121e+02
1.57000000000000e+00 9.02275405761434e+01 -3.37580967162801e+02 -2.47353426586658e+02
1.58000000000000e+00 9.57713293392679e+01 -3.43189311087856e+02 -2.47417981748588e+02
1.59000000000000e+00 1.01038002967514e+02 -3.48512642921870e+02 -2.47474639954355e+02
1.60000000000000e+00 1.05165858117747e+02 -3.52662378466351e+02 -2.47496520348603e+02
1.61000000000000e+00 1.07793373420030e+02 -3.55266509301360e+02 -2.47473135881330e+02
1.62000000000000e+00 1.09242259588263e+02 -3.56653156399600e+02 -2.47410896811337e+02
1.63000000000000e+00 1.10383377572961e+02 -3.57725375580946e+02 -2.47341998007985e+02
1.64000000000000e+00 1.12156969754248e+02 -3.59461492641872e+02 -2.47304522887625e+02
1.65000000000000e+00 1.15020275720913e+02 -3.62337105871411e+02 -2.47316830150497e+02
1.66000000000000e+00 1.18818186999320e+02 -3.66166428066931e+02 -2.47348241067612e+02
1.67000000000000e+00 1.23038410390446e+02 -3.70424359808374e+02 -2.47385949417927e+02
1.68000000000000e+00 1.27078996709038e+02 -3.74503633144759e+02 -2.47424636435721e+02
1.69000000000000e+00 1.30355744792936e+02 -3.77815206768586e+02 -2.47459461975650e+02
1.70000000000000e+00 1.32343877452155e+02 -3.79832207328267e+02 -2.47488329876112e+02
1.71000000000000e+00 1.32684719758848e+02 -3.80182485800027e+02 -2.47497766041178e+02
1.72000000000000e+00 1.31398476861919e+02 -3.78865630911995e+02 -2.47467154050076e+02
1.73000000000000e+00 1.29125325464496e+02 -3.76521846726156e+02 -2.47396521261660e+02
1.74000000000000e+00 1.27034231039357e+02 -3.74359749003001e+02 -2.47325517963644e+02
1.75000000000000e+00 1.26181497860824e+02 -3.73491050694488e+02 -2.47309552833664e+02
1.76000000000000e+00 1.26864738482844e+02 -3.74207108480404e+02 -2.47342369997560e+02
1.77000000000000e+00 1.28614265690448e+02 -3.76005265131896e+02 -2.47390999441448e+02
1.78000000000000e+00 1.30620444706377e+02 -3.78057499803333e+02 -2.47437055096957e+02
1.79000000000000e+00 1.32060735266323e+02 -3.79547497155667e+02 -2.47486761889344e+02
1.80000000000000e+00 1.32147944097840e+02 -3.79694363207803e+02 -2.47546419109964e+02
1.81000000000000e+00 1.30139186032216e+02 -3.77736095340993e+02 -2.47596909308776e+02
1.82000000000000e+00 1.26061658891508e+02 -3.73517875340995e+02 -2.47456216449487e+02
1.83000000000000e+00 1.22809856235794e+02 -3.69935365483755e+02 -2.47125509247961e+02
1.84000000000000e+00 1.23905410478772e+02 -3.71253664706856e+02 -2.47348254228084e+02
1.85000000000000e+00 1.27212549666688e+02 -3.74790710556217e+02 -2.47578160889528e+02
1.86000000000000e+00 1.29046070283224e+02 -3.76665771803492e+02 -2.47619701520268e+02
1.87000000000000e+00 1.28102312155447e+02 -3.75780542454799e+02 -2.47678230299352e+02
1.88000000000000e+00 1.24094355974267e+02 -3.71742507537596e+02 -2.47648151563329e+02
1.89000000000000e+00 1.19029203794033e+02 -3.66288439486766e+02 -2.47259235692734e+02
1.90000000000000e+00 1.18390039195852e+02 -3.65500224101225e+02 -2.47110184905373e+02
1.91000000000000e+00 1.23816060938071e+02 -3.71352719273544e+02 -2.47536658335473e+02
1.92000000000000e+00 1.30509377295546e+02 -3.78151691544247e+02 -2.47642314248701e+02
1.93000000000000e+00 1.35525700524994e+02 -3.83109013851109e+02 -2.47583313326115e+02
1.94000000000000e+00 1.38634103049636e+02 -3.86237225011914e+02 -2.47603121962278e+02
1.95000000000000e+00 1.39603050194791e+02 -3.87204333577350e+02 -2.47601283382559e+02
1.96000000000000e+00 1.39019509866935e+02 -3.86432977205709e+02 -2.47413467338775e+02
1.97000000000000e+00 1.39280192766340e+02 -3.86626758714437e+02 -2.47346565948097e+02
1.98000000000000e+00 1.41072976496201e+02 -3.88599251329906e+02 -2.47526274833705e+02
1.99000000000000e+00 1.42348918128946e+02 -3.89896331066329e+02 -2.47547412937382e+02
2.00000000000000e+00 1.42223670447302e+02 -3.89697391534844e+02 -2.47473721087543e+02
2.01000000000000e+00 1.41275472425101e+02 -3.88708437046546e+02 -2.47432964621445e+02
2.02000000000000e+00 1.40022680998349e+02 -3.87454009655567e+02 -2.47431328657218e+02
2.03000000000000e+00 1.38573871551049e+02 -3.86007960700423e+02 -2.47434089149373e+02
2.04000000000000e+00 1.36985735298815e+02 -3.84401463148770e+02 -2.47415727849955e+02
2.05000000000000e+00 1.35605936195219e+02 -3.82978858326120e+02 -2.47372922130901e+02
2.06000000000000e+00 1.35137951960201e+02 -3.82458780713438e+02 -2.47320828753237e+02
2.07000000000000e+00 1.36349334772117e+02 -3.83648179271891e+02 -2.47298844499774e+02
2.08000000000000e+00 1.39462191610751e+02 -3.86806918492606e+02 -2.47344726881856e+02
2.09000000000000e+00 1.43810240830666e+02 -3.91233437190350e+02 -2.47423196359684e+02
2.10000000000000e+00 1.48303512762451e+02 -3.95768225215821e+02 -2.47464712453370e+02
2.11000000000000e+00 1.52256172476235e+02 -3.99709243324961e+02 -2.47453070848726e+02
2.12000000000000e+00 1.55691770338509e+02 -4.03111309211643e+02 -2.47419538873135e+02
2.13000000000000e+00 1.59004846247224e+02 -4.06396159724718e+02 -2.47391313477494e+02
2.14000000000000e+00 1.62558845130897e+02 -4.09935631083606e+02 -2.47376785952709e+02
2.15000000000000e+00 1.66509887008571e+02 -4.13886511439986e+02 -2.47376624431415e+02
2.16000000000000e+00 1.70770357113041e+02 -4.18164134155016e+02 -2.47393777041974e+02
2.17000000000000e+00 1.75054123995972e+02 -4.22467760289978e+02 -2.47413636294007e+02
2.18000000000000e+00 1.78990434717778e+02 -4.26422851843006e+02 -2.47432417125227e+02
2.19000000000000e+00 1.82263531266835e+02 -4.29702510132040e+02 -2.47438978865204e+02
2.20000000000000e+00 1.84725129492948e+02 -4.32166302930171e+02 -2.47441173437223e+02
2.21000000000000e+00 1.86370424320872e+02 -4.33812476040431e+02 -2.47442051719558e+02
2.22000000000000e+00 1.87187019356067e+02 -4.34644283730162e+02 -2.47457264374095e+02
2.23000000000000e+00 1.87020257720036e+02 -4.34505429115924e+02 -2.47485171395888e+02
2.24000000000000e+00 1.85637416405368e+02 -4.33144364897256e+02 -2.47506948491888e+02
2.25000000000000e+00 1.82944325403128e+02 -4.30458265811971e+02 -2.47513940408843e+02
2.26000000000000e+00 1.79196208662599e+02 -4.26688490762482e+02 -2.47492282099883e+02
2.27000000000000e+00 1.75378153649148e+02 -4.22750957623954e+02 -2.47372803974807e+02
2.28000000000000e+00 1.73668598385534e+02 -4.20912853239353e+02 -2.47244254853819e+02
2.29000000000000e+00 1.75498276171494e+02 -4.22931113983708e+02 -2.47432837812214e+02
2.30000000000000e+00 1.78680938518058e+02 -4.26323252581964e+02 -2.47642314063906e+02
2.31000000000000e+00 1.80168650447343e+02 -4.27852267276070e+02 -2.47683616828727e+02
2.32000000000000e+00 1.78815341521569e+02 -4.26506782254470e+02 -2.47691440732900e+02
2.33000000000000e+00 1.74550035196400e+02 -4.22243915146027e+02 -2.47693879949627e+02
2.34000000000000e+00 1.67773901708920e+02 -4.15428115115553e+02 -2.47654213406633e+02
2.35000000000000e+00 1.59641540853594e+02 -4.07196152177143e+02 -2.47554611323549e+02
2.36000000000000e+00 1.52301031053514e+02 -3.99702093489475e+02 -2.47401062435962e+02
2.37000000000000e+00 1.48585183832847e+02 -3.95855600516620e+02 -2.47270416683773e+02
2.38000000000000e+00 1.50460801172775e+02 -3.97801342876523e+02 -2.47340541703747e+02
2.39000000000000e+00 1.57061165632343e+02 -4.04593397498707e+02 -2.47532231866364e+02
2.40000000000000e+00 1.65401979772209e+02 -4.13107135806802e+02 -2.47705156034593e+02
2.41000000000000e+00 1.72437016187387e+02 -4.20250256493400e+02 -2.47813240306013e+02
2.42000000000000e+00 1.76123853146296e+02 -4.23962860832693e+02 -2.47839007686396e+02
2.43000000000000e+00 1.75821250401836e+02 -4.23609227374741e+02 -2.47787976972905e+02
2.44000000000000e+00 1.72533089786559e+02 -4.20136174697362e+02 -2.47603084910804e+02
2.45000000000000e+00 1.69724286241644e+02 -4.16962230378123e+02 -2.47237944136479e+02
2.46000000000000e+00 1.71857484661147e+02 -4.19159787904239e+02 -2.47302303243092e+02
2.47000000000000e+00 1.78325618336579e+02 -4.25905012327159e+02 -2.47579393990580e+02
2.48000000000000e+00 1.85223557225858e+02 -4.32829922424333e+02 -2.47606365198475e+02
2.49000000000000e+00 1.90916833775758e+02 -4.38478623089825e+02 -2.47561789314067e+02
2.50000000000000e+00 1.95329572304981e+02 -4.42864509344501e+02 -2.47534937039520e+02
2.51000000000000e+00 1.98505045153582e+02 -4.46027328095284e+02 -2.47522282941702e+02
2.52000000000000e+00 2.00423867414307e+02 -4.47933253002886e+02 -2.47509385588579e+02
2.53000000000000e+00 2.01122857642260e+02 -4.48619122224040e+02 -2.47496264581780e+02
2.54000000000000e+00 2.00717406369861e+02 -4.48199068311382e+02 -2.47481661941521e+02
2.55000000000000e+00 1.99387063977519e+02 -4.46853036452235e+02 -2.47465972474716e+02
2.56000000000000e+00 1.97365160739603e+02 -4.44815751642014e+02 -2.47450590902411e+02
2.57000000000000e+00 1.94989313586304e+02 -4.42413574320976e+02 -2.47424260734671e+02
2.58000000000000e+00 1.92755264073975e+02 -4.40150339048372e+02 -2.47395074974396e+02
2.59000000000000e+00 1.91207878968030e+02 -4.38591174944288e+02 -2.47383295976258e+02
2.60000000000000e+00 1.90668119965783e+02 -4.38071506862821e+02 -2.47403386897038e+02
2.61000000000000e+00 1.91041917325511e+02 -4.38481008107182e+02 -2.47439090781670e+02
2.62000000000000e+00 1.92026690987554e+02 -4.39485896501296e+02 -2.47459205513742e+02
2.63000000000000e+00 1.93467892168837e+02 -4.40936601801595e+02 -2.47468709632758e+02
2.64000000000000e+00 1.95196461778295e+02 -4.42718686928335e+02 -2.47522225150040e+02
2.65000000000000e+00 1.96453800920616e+02 -4.44067665042783e+02 -2.47613864122167e+02
2.66000000000000e+00 1.96160925963192e+02 -4.43791550943155e+02 -2.47630624979963e+02
2.67000000000000e+00 1.94239151034272e+02 -4.41756423483182e+02 -2.47517272448910e+02
2.68000000000000e+00 1.92268132830664e+02 -4.39632642510588e+02 -2.47364509679924e+02
2.69000000000000e+00 1.92257822563785e+02 -4.39589083307529e+02 -2.47331260743744e+02
2.70000000000000e+00 1.94678777627070e+02 -4.42119996557745e+02 -2.47441218930675e+02
2.71000000000000e+00 1.98091339015279e+02 -4.45667096919127e+02 -2.47575757903848e+02
2.72000000000000e+00 2.00631964603874e+02 -4.48254230730320e+02 -2.47622266126447e+02
2.73000000000000e+00 2.01547065808161e+02 -4.49107285887570e+02 -2.47560220079409e+02
2.74000000000000e+00 2.01626216131021e+02 -4.49073292655569e+02 -2.47447076524547e+02
2.75000000000000e+00 2.02283724901641e+02 -4.49694291156264e+02 -2.47410566254622e+02
2.76000000000000e+00 2.03993237537251e+02 -4.51464012256022e+02 -2.47470774718771e+02
2.77000000000000e+00 2.05985499196522e+02 -4.53504047583979e+02 -2.47518548387457e+02
2.78000000000000e+00 2.07467236937382e+02 -4.54966467352256e+02 -2.47499230414874e+02
2.79000000000000e+00 2.08414803015159e+02 -4.55871128320199e+02 -2.47456325305040e+02
2.80000000000000e+00 2.09212372121591e+02 -4.56647679213175e+02 -2.47435307091584e+02
2.81000000000000e+00 2.10068780462910e+02 -4.57513422563178e+02 -2.47444642100268e+02
2.82000000000000e+00 2.10810941957977e+02 -4.58289661493377e+02 -2.47478719535400e+02
2.83000000000000e+00 2.11035257667975e+02 -4.58538479002771e+02 -2.47503221334796e+02
2.84000000000000e+00 2.10662678768899e+02 -4.58120069017541e+02 -2.47457390248641e+02
2.85000000000000e+00 2.10497765736245e+02 -4.57881233549102e+02 -2.47383467812856e+02
2.86000000000000e+00 2.11481890415843e+02 -4.58890154332885e+02 -2.47408263917041e+02
2.87000000000000e+00 2.13369003336715e+02 -4.60832442055449e+02 -2.47463438718734e+02
2.88000000000000e+00 2.15378983413805e+02 -4.62839190675338e+02 -2.47460207261534e+02
2.89000000000000e+00 2.17336423573462e+02 -4.64769893672444e+02 -2.47433470098982e+02
2.90000000000000e+00 2.19454270617828e+02 -4.66883943892267e+02 -2.47429673274438e+02
2.91000000000000e+00 2.21643347764845e+02 -4.69125113675036e+02 -2.47481765910191e+02
2.92000000000000e+00 2.23202551283082e+02 -4.70754622669709e+02 -2.47552071386627e+02
2.93000000000000e+00 2.23226197010797e+02 -4.70811022908053e+02 -2.47584825897256e+02
2.94000000000000e+00 2.21308854272258e+02 -4.68871358102528e+02 -2.47562503830270e+02
2.95000000000000e+00 2.17895036818469e+02 -4.65379792427365e+02 -2.47484755608896e+02
2.96000000000000e+00 2.14169717592022e+02 -4.61568449248517e+02 -2.47398731656495e+02
2.97000000000000e+00 2.11399065940516e+02 -4.58778449944226e+02 -2.47379384003710e+02
2.98000000000000e+00 2.09936745551484e+02 -4.57382223650305e+02 -2.47445478098821e+02
2.99000000000000e+00 2.08977969818679e+02 -4.56509205097337e+02 -2.47531235278659e+02
3.00000000000000e+00 2.07412196735880e+02 -4.54989282518668e+02 -2.47577085782787e+02
3.01000000000000e+00 2.04805665170893e+02 -4.52355191767301e+02 -2.47549526596408e+02
3.02000000000000e+00 2.02002758486279e+02 -4.49444523039808e+02 -2.47441764553529e+02
3.03000000000000e+00 2.00411146458039e+02 -4.47952278261244e+02 -2.47541131803205e+02
3.04000000000000e+00 1.98846190356083e+02 -4.46702379417301e+02 -2.47856189061218e+02
3.05000000000000e+00 1.94370021266372e+02 -4.42161588468027e+02 -2.47791567201655e+02
3.06000000000000e+00 1.89022073720422e+02 -4.36271779907935e+02 -2.47249706187513e+02
3.07000000000000e+00 1.89213566622103e+02 -4.36564557305415e+02 -2.47350990683312e+02
3.08000000000000e+00 1.93706271393774e+02 -4.41721035849297e+02 -2.48014764455523e+02
3.09000000000000e+00 1.94630600019203e+02 -4.42665980783102e+02 -2.48035380763900e+02
3.10000000000000e+00 1.90331963060354e+02 -4.37997585514844e+02 -2.47665622454490e+02
3.11000000000000e+00 1.84973636218875e+02 -4.32405302866899e+02 -2.47431666648024e+02
3.12000000000000e+00 1.82004083288581e+02 -4.29358257993044e+02 -2.47354174704463e+02
3.13000000000000e+00 1.82626516158792e+02 -4.29959829943107e+02 -2.47333313784315e+02
3.14000000000000e+00 1.86832275445983e+02 -4.34220905376778e+02 -2.47388629930795e+02
3.15000000000000e+00 1.93550006626085e+02 -4.41043583982682e+02 -2.47493577356597e+02
3.16000000000000e+00 2.01027958497496e+02 -4.48604612170183e+02 -2.47576653672688e+02
3.17000000000000e+00 2.07695780963238e+02 -4.55317491648792e+02 -2.47621710685554e+02
3.18000000000000e+00 2.12501080234627e+02 -4.60160873704142e+02 -2.47659793469514e+02
3.19000000000000e+00 2.14632396456749e+02 -4.62348161631428e+02 -2.47715765174678e+02
3.20000000000000e+00 2.13359520900011e+02 -4.61112550310214e+02 -2.47753029410203e+02
3.21000000000000e+00 2.08910908189303e+02 -4.56496122090365e+02 -2.47585213901061e+02
3.22000000000000e+00 2.04303479176132e+02 -4.51629982426105e+02 -2.47326503249973e+02
3.23000000000000e+00 2.02352532976416e+02 -4.49937774217754e+02 -2.47585241241338e+02
3.24000000000000e+00 2.00619602482528e+02 -4.48408358738281e+02 -2.47788756255752e+02
3.25000000000000e+00 1.96185358461564e+02 -4.43960574941233e+02 -2.47775216479669e+02
3.26000000000000e+00 1.89338490367263e+02 -4.36978755417297e+02 -2.47640265050034e+02
3.27000000000000e+00 1.82573406140311e+02 -4.30043251431446e+02 -2.47469845291135e+02
3.28000000000000e+00 1.78760819961705e+02 -4.26175085319706e+02 -2.47414265358001e+02
3.29000000000000e+00 1.79125784776191e+02 -4.26593837246444e+02 -2.47468052470253e+02
3.30000000000000e+00 1.82811877873342e+02 -4.30434540223986e+02 -2.47622662350644e+02
3.31000000000000e+00 1.87636552004021e+02 -4.35332176864566e+02 -2.47695624860545e+02
3.32000000000000e+00 1.92237310784390e+02 -4.39862631683402e+02 -2.47625320899012e+02
3.33000000000000e+00 1.96961709563488e+02 -4.44514738242618e+02 -2.47553028679130e+02
3.34000000000000e+00 2.02501838688023e+02 -4.50025775919545e+02 -2.47523937231521e+02
3.35000000000000e+00 2.08999633611812e+02 -4.56548648186313e+02 -2.47549014574501e+02
3.36000000000000e+00 2.15753030539538e+02 -4.63385599897123e+02 -2.47632569357585e+02
3.37000000000000e+00 2.21369721114298e+02 -4.69068771355867e+02 -2.47699050241569e+02
3.38000000000000e+00 2.24676014616160e+02 -4.72381517406001e+02 -2.47705502789842e+02
3.39000000000000e+00 2.25326148772487e+02 -4.73014370244570e+02 -2.47688221472082e+02
3.40000000000000e+00 2.23658549695746e+02 -4.71306577484063e+02 -2.47648027788317e+02
3.41000000000000e+00 2.20951655003681e+02 -4.68414116474784e+02 -2.47462461471103e+02
3.42000000000000e+00 2.20110023517127e+02 -4.67425591436401e+02 -2.47315567919274e+02
3.43000000000000e+00 2.22611165287017e+02 -4.70170238957057e+02 -2.47559073670040e+02
3.44000000000000e+00 2.25544843734556e+02 -4.73301065982427e+02 -2.47756222247871e+02
3.45000000000000e+00 2.25771043843925e+02 -4.73532815778664e+02 -2.47761771934738e+02
3.46000000000000e+00 2.22752814120308e+02 -4.70441464629876e+02 -2.47688650509568e+02
3.47000000000000e+00 2.17482792744543e+02 -4.65088222153729e+02 -2.47605429409186e+02
3.48000000000000e+00 2.11488401818335e+02 -4.59004314782676e+02 -2.47515912964341e+02
3.49000000000000e+00 2.06500261731992e+02 -4.53908146604988e+02 -2.47407884872996e+02
3.50000000000000e+00 2.04279408910077e+02 -4.51621328895954e+02 -2.47341919985878e+02
3.51000000000000e+00 2.05706859793632e+02 -4.53107193987015e+02 -2.47400334193383e+02
3.52000000000000e+00 2.09926059776010e+02 -4.57433740243933e+02 -2.47507680467922e+02
3.53000000000000e+00 2.15145316940480e+02 -4.62718882108017e+02 -2.47573565167538e+02
3.54000000000000e+00 2.19934649908387e+02 -4.67517192187630e+02 -2.47582542279243e+02
3.55000000000000e+00 2.23733805450972e+02 -4.71283451361660e+02 -2.47549645910688e+02
3.56000000000000e+00 2.26623306686331e+02 -4.74144849726005e+02 -2.47521543039674e+02
3.57000000000000e+00 2.28780288021884e+02 -4.76298468724768e+02 -2.47518180702884e+02
3.58000000000000e+00 2.30175312217308e+02 -4.77708563533659e+02 -2.47533251316351e+02
3.59000000000000e+00 2.30570399780558e+02 -4.78136079533089e+02 -2.47565679752531e+02
3.60000000000000e+00 2.29455969010956e+02 -4.77108267621472e+02 -2.47652298610516e+02
3.61000000000000e+00 2.25728179731825e+02 -4.73560572753399e+02 -2.47832393021575e+02
3.62000000000000e+00 2.17742218000799e+02 -4.65711357373197e+02 -2.47969139372399e+02
3.63000000000000e+00 2.06494151312007e+02 -4.53922880303255e+02 -2.47428728991248e+02
3.64000000000000e+00 2.01370130865249e+02 -4.48048515712716e+02 -2.46678384847467e+02
3.65000000000000e+00 2.09885429910971e+02 -4.57433393602556e+02 -2.47547963691585e+02
3.66000000000000e+00 2.22790462487140e+02 -4.70929371254970e+02 -2.48138908767830e+02
3.67000000000000e+00 2.29842001848331e+02 -4.77876296690995e+02 -2.48034294842664e+02
3.68000000000000e+00 2.29824460502985e+02 -4.77685093668480e+02 -2.47860633165495e+02
3.69000000000000e+00 2.24727745572376e+02 -4.72455249532924e+02 -2.47727503960549e+02
3.70000000000000e+00 2.16902460197969e+02 -4.64480171654560e+02 -2.47577711456591e+02
3.71000000000000e+00 2.08837373541051e+02 -4.56338837884840e+02 -2.47501464343789e+02
3.72000000000000e+00 2.02033438719865e+02 -4.49545265865755e+02 -2.47511827145890e+02
3.73000000000000e+00 1.96933577468919e+02 -4.44377468174115e+02 -2.47443890705196e+02
3.74000000000000e+00 1.94392508470609e+02 -4.41762621422136e+02 -2.47370112951527e+02
3.75000000000000e+00 1.95179348212890e+02 -4.42581852246249e+02 -2.47402504033359e+02
3.76000000000000e+00 1.98849771323582e+02 -4.46304866787783e+02 -2.47455095464202e+02
3.77000000000000e+00 2.04516399415384e+02 -4.51964516747123e+02 -2.47448117331738e+02
3.78000000000000e+00 2.11812694583332e+02 -4.59256081321751e+02 -2.47443386738419e+02
3.79000000000000e+00 2.20342662581836e+02 -4.67858835539890e+02 -2.47516172958054e+02
3.80000000000000e+00 2.28817228844645e+02 -4.76464133782487e+02 -2.47646904937841e+02
3.81000000000000e+00 2.35344254039365e+02 -4.83089843954102e+02 -2.47745589914737e+02
3.82000000000000e+00 2.38564174590656e+02 -4.86317646239343e+02 -2.47753471648687e+02
3.83000000000000e+00 2.38328461539559e+02 -4.86045939177672e+02 -2.47717477638113e+02
3.84000000000000e+00 2.35262148526443e+02 -4.82948685080016e+02 -2.47686536553573e+02
3.85000000000000e+00 2.30157750896616e+02 -4.77794011388076e+02 -2.47636260491460e+02
3.86000000000000e+00 2.24035283609615e+02 -4.71614895547791e+02 -2.47579611938176e+02
3.87000000000000e+00 2.18051040872423e+02 -4.65587841871987e+02 -2.47536800999564e+02
3.88000000000000e+00 2.13232878512355e+02 -4.60712393609761e+02 -2.47479515097405e+02
3.89000000000000e+00 2.10687970154612e+02 -4.58086681428536e+02 -2.47398711273924e+02
3.90000000000000e+00 2.11551151866331e+02 -4.58914486377126e+02 -2.47363334510795e+02
3.91000000000000e+00 2.16194519186882e+02 -4.63602858799581e+02 -2.47408339612699e+02
3.92000000000000e+00 2.23717205807261e+02 -4.71241773249826e+02 -2.47524567442566e+02
3.93000000000000e+00 2.32163753035824e+02 -4.79823060802287e+02 -2.47659307766464e+02
3.94000000000000e+00 2.39415905833777e+02 -4.87131993708678e+02 -2.47716087874901e+02
3.95000000000000e+00 2.44286805818427e+02 -4.91967283686598e+02 -2.47680477868171e+02
3.96000000000000e+00 2.46940807803287e+02 -4.94530037728724e+02 -2.47589229925437e+02
3.97000000000000e+00 2.48469521446993e+02 -4.95964100221464e+02 -2.47494578774471e+02
3.98000000000000e+00 2.50089713438267e+02 -4.97529623310946e+02 -2.47439909872679e+02
3.99000000000000e+00 2.52453197609132e+02 -4.99903333828133e+02 -2.47450136219001e+02
4.00000000000000e+00 2.55399422286212e+02 -5.02901945981331e+02 -2.47502523695118e+02
4.01000000000000e+00 2.58162684990430e+02 -5.05728768818655e+02 -2.47566083828225e+02
4.02000000000000e+00 2.59775864097439e+02 -5.07402492180279e+02 -2.47626628082840e+02
4.03000000000000e+00 2.59457934780578e+02 -5.07113448498925e+02 -2.47655513718346e+02
4.04000000000000e+00 2.56951025410971e+02 -5.04591959784648e+02 -2.47640934373677e+02
4.05000000000000e+00 2.52784939535536e+02 -5.00343283621668e+02 -2.47558344086132e+02
4.06000000000000e+00 2.48595427502433e+02 -4.95987443236665e+02 -2.47392015734232e+02
4.07000000000000e+00 2.46858358236882e+02 -4.94144294742774e+02 -2.47285936505893e+02
4.08000000000000e+00 2.48898294410017e+02 -4.96311936015891e+02 -2.47413641605874e+02
4.09000000000000e+00 2.53038186070598e+02 -5.00691104589630e+02 -2.47652918519032e+02
4.10000000000000e+00 2.55871740016990e+02 -5.03700924430827e+02 -2.47829184413836e+02
4.11000000000000e+00 2.54720001729646e+02 -5.02621076015520e+02 -2.47901074285874e+02
4.12000000000000e+00 2.48561373440463e+02 -4.96442917638994e+02 -2.47881544198531e+02
4.13000000000000e+00 2.38222733147749e+02 -4.85955443673879e+02 -2.47732710526130e+02
4.14000000000000e+00 2.26647513799755e+02 -4.74113274912187e+02 -2.47465761112432e+02
4.15000000000000e+00 2.18295875356139e+02 -4.65528470224901e+02 -2.47232594868762e+02
4.16000000000000e+00 2.16790678884906e+02 -4.64007310422599e+02 -2.47216631537693e+02
4.17000000000000e+00 2.22457775654336e+02 -4.69879197587672e+02 -2.47421421933336e+02
4.18000000000000e+00 2.32232306382035e+02 -4.79919659679139e+02 -2.47687353297104e+02
4.19000000000000e+00 2.41833374894094e+02 -4.89709803806477e+02 -2.47876428912382e+02
4.20000000000000e+00 2.47997687526417e+02 -4.95936409402069e+02 -2.47938721875653e+02
4.21000000000000e+00 2.49560548869314e+02 -4.97407029537579e+02 -2.47846480668265e+02
4.22000000000000e+00 2.48192012374502e+02 -4.95731465587332e+02 -2.47539453212829e+02
4.23000000000000e+00 2.48268413460030e+02 -4.95563772246367e+02 -2.47295358786337e+02
4.24000000000000e+00 2.52687766652131e+02 -5.00169989460361e+02 -2.47482222808230e+02
4.25000000000000e+00 2.59361025625403e+02 -5.07028042804068e+02 -2.47667017178665e+02
4.26000000000000e+00 2.65334506874397e+02 -5.12980647910874e+02 -2.47646141036478e+02
4.27000000000000e+00 2.69999745126192e+02 -5.17591058723481e+02 -2.47591313597289e+02
4.28000000000000e+00 2.73621295004478e+02 -5.21225156652750e+02 -2.47603861648272e+02
4.29000000000000e+00 2.75966167589517e+02 -5.23622879337232e+02 -2.47656711747716e+02
4.30000000000000e+00 2.76330717897155e+02 -5.24052435251290e+02 -2.47721717354135e+02
4.31000000000000e+00 2.73923782175660e+02 -5.21714005989421e+02 -2.47790223813761e+02
4.32000000000000e+00 2.68151716968021e+02 -5.15982114567639e+02 -2.47830397599618e+02
4.33000000000000e+00 2.59050824425232e+02 -5.06868590963120e+02 -2.47817766537888e+02
4.34000000000000e+00 2.47650822250184e+02 -4.95426537634276e+02 -2.47775715384093e+02
4.35000000000000e+00 2.36647613427532e+02 -4.84044565869174e+02 -2.47396952441641e+02
4.36000000000000e+00 2.33074577189577e+02 -4.80132611057312e+02 -2.47058033867735e+02
4.37000000000000e+00 2.39365137662426e+02 -4.87280042231677e+02 -2.47914904569250e+02
4.38000000000000e+00 2.46276333318081e+02 -4.94427906929072e+02 -2.48151573610991e+02
4.39000000000000e+00 2.48593292769403e+02 -4.96562023892889e+02 -2.47968731123485e+02
4.40000000000000e+00 2.49680365260414e+02 -4.97003355166266e+02 -2.47322989905852e+02
4.41000000000000e+00 2.56830640537544e+02 -5.04246509813416e+02 -2.47415869275872e+02
4.42000000000000e+00 2.69474744886919e+02 -5.17282623621923e+02 -2.47807878735004e+02
4.43000000000000e+00 2.81863573785966e+02 -5.29739215131424e+02 -2.47875641345458e+02
4.44000000000000e+00 2.90922332253760e+02 -5.38885837408589e+02 -2.47963505154828e+02
4.45000000000000e+00 2.94810586257467e+02 -5.42760130996312e+02 -2.47949544738845e+02
4.46000000000000e+00 2.93316054038103e+02 -5.41142195953215e+02 -2.47826141915112e+02
4.47000000000000e+00 2.88312880697247e+02 -5.35915369336783e+02 -2.47602488639536e+02
4.48000000000000e+00 2.83265198571059e+02 -5.30640507858778e+02 -2.47375309287719e+02
4.49000000000000e+00 2.81008507603715e+02 -5.28482448790371e+02 -2.47473941186656e+02
4.50000000000000e+00 2.80328892753613e+02 -5.28110419692740e+02 -2.47781526939127e+02
4.51000000000000e+00 2.77190482436906e+02 -5.25190889155313e+02 -2.48000406718407e+02
4.52000000000000e+00 2.68812604877019e+02 -5.16808294140124e+02 -2.47995689263104e+02
4.53000000000000e+00 2.56365120823506e+02 -5.04020685091936e+02 -2.47655564268430e+02
4.54000000000000e+00 2.44702733206894e+02 -4.92218787279089e+02 -2.47516054072195e+02
4.55000000000000e+00 2.36778128352726e+02 -4.84246889368547e+02 -2.47468761015821e+02
4.56000000000000e+00 2.34387194913334e+02 -4.81519546218775e+02 -2.47132351305441e+02
4.57000000000000e+00 2.40444484637427e+02 -4.87748868358800e+02 -2.47304383721373e+02
4.58000000000000e+00 2.52210995902795e+02 -5.00012554222079e+02 -2.47801558319284e+02
4.59000000000000e+00 2.62568080959456e+02 -5.10570063547920e+02 -2.48001982588464e+02
4.60000000000000e+00 2.67268651229405e+02 -5.15214044577844e+02 -2.47945393348439e+02
4.61000000000000e+00 2.66059046040485e+02 -5.13882493872094e+02 -2.47823447831609e+02
4.62000000000000e+00 2.60297449420171e+02 -5.08104223425019e+02 -2.47806774004848e+02
4.63000000000000e+00 2.50571126248909e+02 -4.98564865630767e+02 -2.47993739381858e+02
4.64000000000000e+00 2.38831477611399e+02 -4.85935353877284e+02 -2.47103876265885e+02
4.65000000000000e+00 2.39392259925315e+02 -4.86202354421390e+02 -2.46810094496076e+02
4.66000000000000e+00 2.54223841863133e+02 -5.02197784727903e+02 -2.47973942864770e+02
4.67000000000000e+00 2.67813177602451e+02 -5.15700514443860e+02 -2.47887336841410e+02
4.68000000000000e+00 2.76170929295123e+02 -5.24002731549672e+02 -2.47831802254549e+02
4.69000000000000e+00 2.79204091498014e+02 -5.27011295340527e+02 -2.47807203842513e+02
4.70000000000000e+00 2.77015121097911e+02 -5.24814117719128e+02 -2.47798996621217e+02
4.71000000000000e+00 2.70095962879536e+02 -5.17854337126806e+02 -2.47758374247270e+02
4.72000000000000e+00 2.59897605923565e+02 -5.07527605247477e+02 -2.47629999323911e+02
4.73000000000000e+00 2.49365844811840e+02 -4.96784694672110e+02 -2.47418849860270e+02
4.74000000000000e+00 2.42711885060761e+02 -4.89919027373284e+02 -2.47207142312523e+02
4.75000000000000e+00 2.42513169736378e+02 -4.89930731080573e+02 -2.47417561344195e+02
4.76000000000000e+00 2.46428595130144e+02 -4.93995029761227e+02 -2.47566434631083e+02
4.77000000000000e+00 2.51216934437332e+02 -4.98826415389344e+02 -2.47609480952012e+02
4.78000000000000e+00 2.55052693495507e+02 -5.02726204736469e+02 -2.47673511240962e+02
4.79000000000000e+00 2.56553189235558e+02 -5.04252017084476e+02 -2.47698827848918e+02
4.80000000000000e+00 2.55077320300487e+02 -5.02744135549916e+02 -2.47666815249429e+02
4.81000000000000e+00 2.50931945592734e+02 -4.98534575226273e+02 -2.47602629633539e+02
4.82000000000000e+00 2.45144442758977e+02 -4.92661147290269e+02 -2.47516704531292e+02
4.83000000000000e+00 2.39224067396793e+02 -4.86643734070859e+02 -2.47419666674066e+02
4.84000000000000e+00 2.34889373886223e+02 -4.82229103810842e+02 -2.47339729924619e+02
4.85000000000000e+00 2.33460026988436e+02 -4.80834748775870e+02 -2.47374721787434e+02
4.86000000000000e+00 2.34553658548737e+02 -4.82116490538200e+02 -2.47562831989463e+02
4.87000000000000e+00 2.36014887584617e+02 -4.83693535793231e+02 -2.47678648208614e+02
4.88000000000000e+00 2.36301757944076e+02 -4.83946624859249e+02 -2.47644866915173e+02
4.89000000000000e+00 2.35795316964566e+02 -4.83350925459547e+02 -2.47555608494981e+02
4.90000000000000e+00 2.35754278087999e+02 -4.83262389932037e+02 -2.47508111844038e+02
4.91000000000000e+00 2.36864866482104e+02 -4.84407851312222e+02 -2.47542984830118e+02
4.92000000000000e+00 2.38681913789088e+02 -4.86289397438395e+02 -2.47607483649308e+02
4.93000000000000e+00 2.40250392884683e+02 -4.87894788777928e+02 -2.47644395893245e+02
4.94000000000000e+00 2.40865644780320e+02 -4.88548447409716e+02 -2.47682802629396e+02
4.95000000000000e+00 2.40035679655539e+02 -4.87736989241268e+02 -2.47701309585729e+02
4.96000000000000e+00 2.37797888317254e+02 -4.85446034220592e+02 -2.47648145903338e+02
4.97000000000000e+00 2.35056424611740e+02 -4.82673628881395e+02 -2.47617204269656e+02
4.98000000000000e+00 2.32593556401369e+02 -4.80249286067400e+02 -2.47655729666031e+02
4.99000000000000e+00 2.30437320092546e+02 -4.78239520670615e+02 -2.47802200578069e+02
5.00000000000000e+00 2.26871573809199e+02 -4.75000120384732e+02 -2.48128546575533e+02
